T=40*(10^-3);
f1=0;
f2=46000;
Fe=120000;